% -------------------------------------------------------------------
%  Generated by MATLAB on 13-Nov-2016 14:33:55
%  MATLAB version: 9.0.0.341360 (R2016a)
% -------------------------------------------------------------------
                                  

D = ...
  [4795 1076 619 1277 585 132 559;
   4881 1071 619 1287 591 97 546;
   4744 956 637 1240 609 107 608;
   4806 952 544 1234 518 56 497;
   4810 964 583 1230 559 77 533;
   4747 910 499 1199 475 104 468;
   4914 1063 684 1338 649 118 560;
   4828 907 594 1234 565 82 573;
   4797 961 519 1203 497 62 435;
   4838 1049 572 1205 548 67 434;
   4813 1001 500 1180 473 60 463;
   4789 1149 506 1171 475 59 503];

M = ...
  [0.266 143 5550 4795 619 1277 179 13 121 1845 585 132 39 178 28 496 10 ...
   53 1076 79 0.385 0.34;
   0.264 143 5536 4881 619 1287 219 19 128 1928 591 97 37 80 36 493 7 46 ...
   1071 97 0.395 0.335;
   0.261 143 5526 4744 637 1240 188 30 114 1830 609 107 43 148 40 537 14 ...
   57 956 110 0.386 0.341;
   0.257 143 5441 4806 544 1234 170 32 101 1771 518 56 37 122 26 439 10 ...
   48 952 112 0.368 0.324;
   0.256 143 5483 4810 583 1230 216 30 80 1746 559 77 29 120 34 461 14 ...
   58 964 102 0.363 0.326;
   0.253 143 5382 4747 499 1199 208 12 84 1683 475 104 50 154 25 399 12 ...
   57 910 93 0.355 0.317;
   0.272 143 5582 4914 684 1338 203 35 153 2070 649 118 52 91 29 500 13 ...
   47 1063 85 0.421 0.343;
   0.256 143 5509 4828 594 1234 210 20 113 1823 565 82 24 85 33 524 10 ...
   39 907 117 0.378 0.331;
   0.251 143 5356 4797 519 1203 217 19 128 1842 497 62 26 112 23 389 11 ...
   35 961 100 0.384 0.31;
   0.249 143 5364 4838 572 1205 194 21 140 1861 548 67 34 81 18 373 7 54 ...
   1049 92 0.385 0.309;
   0.245 143 5405 4813 500 1180 209 21 89 1698 473 60 28 108 28 410 7 46 ...
   1001 103 0.353 0.309;
   0.245 143 5401 4789 506 1171 204 17 90 1679 475 59 25 88 38 435 17 51 ...
   1149 99 0.351 0.312];

X = ...
  [4795 1076;
   4881 1071;
   4744 956;
   4806 952;
   4810 964;
   4747 910;
   4914 1063;
   4828 907;
   4797 961;
   4838 1049;
   4813 1001;
   4789 1149];

Y = ...
  [619 1277 585 132 559;
   619 1287 591 97 546;
   637 1240 609 107 608;
   544 1234 518 56 497;
   583 1230 559 77 533;
   499 1199 475 104 468;
   684 1338 649 118 560;
   594 1234 565 82 573;
   519 1203 497 62 435;
   572 1205 548 67 434;
   500 1180 473 60 463;
   506 1171 475 59 503];

ans = 12;

data = struct;
data.iterations = 13;
data.algorithm = 'interior-point-legacy';
data.cgiterations = 0;
data.message = 'Optimization terminated.';
data.constrviolation = 3.7747582837255322E-15;
data.firstorderopt = 5.1409270856181757E-13;

exitflag = 1;

fval = -0.90377548898827875;

fvalk = [-0.99999999999999734 -0.97159730814879786 -1.0000000000000071 ...
         -0.98155122320063226 -0.97247547923307609 -0.99999999999993494 ...
         -0.999999999999943 -0.99999999999995937 -0.95388105156920622 -0.91474537339617357 ...
         -0.91689633221161582 -0.90377548898827875];

i = 12;

inputs = 2;

lambda = struct;
lambda.ineqlin = [1.4743953172645357E-13; 2.4518624246977174E-13; 0.14486499193937746; ...
                  4.4036678022949705E-14; 1.0238634350572205E-13; 2.8445287221148096E-14; ...
                  0.74093229446500375; 1.6837539110620283E-13; 1.9574926044299067E-14; ...
                  1.9532600178501684E-14; 2.7349068817588438E-14; 5.0926245208019041E-14; ...
                  ];
lambda.eqlin = 0.903775488988428;
lambda.upper = [0; 0; 0; 0; 0; 0; 0];
lambda.lower = [2.58612536428531E-11; 112.33607553649439; 93.076689279947658; ...
                6.7880877405602363E-11; 94.087839199345879; 43.930564884461354; ...
                1.4415185097754957E-12];

lambdak = struct;
lambdak(1).ineqlin = [0.99999999999999789; 5.5124586032287248E-16; 4.54364415986333E-16; ...
                      1.0931176006078319E-16; 2.7662588810172286E-16; 1.23066449558854E-15; ...
                      3.945665806253145E-17; 1.6183774188259751E-16; 1.7056332233497183E-16; ...
                      1.6405907999650763E-16; 1.1422520338677113E-16; 1.0662733956339113E-16; ...
                      ];
lambdak(1).eqlin = 1.0000000000000013;
lambdak(1).upper = [0; 0; 0; 0; 0; 0; 0];
lambdak(1).lower = [4.2420691728751146E-13; 8.7142366839333555E-13; 7.0923776757892353E-13; ...
                    1.1211319467062516E-12; 7.0137344359332888E-13; 2.6825737283316404E-14; ...
                    3.345158720167898E-13];
lambdak(2).ineqlin = [2.9338106012773927E-8; 6.9538904106021017E-9; 0.08251612109355648; ...
                      3.5880772418847703E-9; 3.6143734958638853E-9; 3.1690294529843456E-9; ...
                      0.88541101291975965; 3.836519885085782E-9; 2.6335638766118393E-9; ...
                      2.1909736599317643E-9; 2.0778498500991622E-9; 2.1660489063526065E-9; ...
                      ];
lambdak(2).eqlin = 0.9715973127346752;
lambdak(2).upper = [0; 0; 0; 0; 0; 0; 0];
lambdak(2).lower = [1.0816872970977054E-6; 20.503341762723689; 39.183937112791391; ...
                    6.0972118449251667E-8; 33.884098476653669; 16.3077307146564; ...
                    5.9599022375449173E-7];
lambdak(3).ineqlin = [4.5465481759270449E-16; 7.3861058429924093E-16; 0.99999999999999467; ...
                      5.554575095551E-16; 1.3605127323066869E-15; 1.8413215665371359E-15; ...
                      4.3022018726160908E-16; 1.2580249897878814E-16; 5.1557514852208849E-16; ...
                      2.0744472980148869E-16; 2.7471301225567867E-16; 1.3727307214176387E-16; ...
                      ];
lambdak(3).eqlin = 1.0000000000000018;
lambdak(3).upper = [0; 0; 0; 0; 0; 0; 0];
lambdak(3).lower = [1.4647056337306575E-12; 3.8068789959892329E-14; 4.4193014489036803E-13; ...
                    1.3617906749355344E-12; 2.3855244909231168E-13; 2.9928927850621749E-14; ...
                    3.1897555017471946E-13];
lambdak(4).ineqlin = [3.3833503343520651E-15; 3.6513479391209652E-15; 3.0205160686898215E-15; ...
                      1.3288146679769702E-14; 4.8385195527254305E-15; 8.8387337209872729E-15; ...
                      0.34485991868712773; 0.62607571215281155; 3.0000944484386551E-15; ...
                      1.4737244892064018E-15; 1.5060257515058934E-15; 8.5380486647975761E-16; ...
                      ];
lambdak(4).eqlin = 0.98155122320069321;
lambdak(4).upper = [0; 0; 0; 0; 0; 0; 0];
lambdak(4).lower = [1.5891717365060665E-12; 3.2266292959839743E-13; 63.773157400789763; ...
                    2.4193937555344494E-13; 59.546864594307635; 36.0316788016152; ...
                    54.862937528374729];
lambdak(5).ineqlin = [2.3205971344986994E-11; 3.5705377544425191E-11; 2.98437951394147E-10; ...
                      4.5069740391064659E-10; 6.9740353047709658E-11; 6.5476332271633894E-10; ...
                      0.4198937688039876; 0.54147660889363747; 3.8737593184177618E-11; ...
                      1.6740312586659145E-11; 1.66434319365318E-11; 8.56963059713828E-12; ...
                      ];
lambdak(5).eqlin = 0.97247547928451772;
lambdak(5).upper = [0; 0; 0; 0; 0; 0; 0];
lambdak(5).lower = [1.829040925291868E-8; 3.1677740909997337E-9; 25.844444426222456; ...
                    3.5839860481516952E-9; 19.445340818947134; 16.948546790340277; ...
                    12.40660824393497];
lambdak(6).ineqlin = [2.925843583295735E-15; 6.7211418998314818E-16; 4.4336585906557961E-14; ...
                      4.1057085715831765E-16; 6.1635258914192461E-16; 0.99999999999994826; ...
                      4.2545817671754183E-16; 3.4485206679835486E-17; 4.307775345273121E-16; ...
                      3.7768995672997595E-16; 3.7189942608994751E-16; 2.7328514921231157E-16; ...
                      ];
lambdak(6).eqlin = 1.0000000000000024;
lambdak(6).upper = [0; 0; 0; 0; 0; 0; 0];
